0001,0001_2040x1404.yuv,2040,1404,1,1
0002,0002_2040x1848.yuv,2040,1848,1,1
0003,0003_2040x1356.yuv,2040,1356,1,1
0004,0004_2040x1344.yuv,2040,1344,1,1
0005,0005_1608x2040.yuv,1608,2040,1,1
0006,0006_1356x2040.yuv,1356,2040,1,1
0007,0007_2040x1356.yuv,2040,1356,1,1
0008,0008_2040x1356.yuv,2040,1356,1,1
0009,0009_2040x1524.yuv,2040,1524,1,1
0010,0010_2040x1644.yuv,2040,1644,1,1
0011,0011_2040x1356.yuv,2040,1356,1,1
0012,0012_2040x1356.yuv,2040,1356,1,1
0013,0013_2040x1368.yuv,2040,1368,1,1
0014,0014_1356x2040.yuv,1356,2040,1,1
0015,0015_2040x1356.yuv,2040,1356,1,1
0016,0016_2040x1356.yuv,2040,1356,1,1
0017,0017_2040x1356.yuv,2040,1356,1,1
0018,0018_2040x1368.yuv,2040,1368,1,1
0019,0019_2040x1536.yuv,2040,1536,1,1
0020,0020_2040x1392.yuv,2040,1392,1,1
0021,0021_2040x768.yuv,2040,768,1,1
0022,0022_2040x960.yuv,2040,960,1,1
0023,0023_2040x1356.yuv,2040,1356,1,1
0024,0024_2040x1356.yuv,2040,1356,1,1
0025,0025_1140x2040.yuv,1140,2040,1,1
0026,0026_2040x1536.yuv,2040,1536,1,1
0027,0027_2040x1548.yuv,2040,1548,1,1
0028,0028_2040x1992.yuv,2040,1992,1,1
0029,0029_2040x1356.yuv,2040,1356,1,1
0030,0030_2040x1272.yuv,2040,1272,1,1
0031,0031_2040x1356.yuv,2040,1356,1,1
0032,0032_2040x1356.yuv,2040,1356,1,1
0033,0033_2040x1356.yuv,2040,1356,1,1
0034,0034_2040x1356.yuv,2040,1356,1,1
0035,0035_2040x1356.yuv,2040,1356,1,1
0036,0036_2040x1536.yuv,2040,1536,1,1
0037,0037_2040x1356.yuv,2040,1356,1,1
0038,0038_2040x1224.yuv,2040,1224,1,1
0039,0039_2040x1356.yuv,2040,1356,1,1
0040,0040_2040x1356.yuv,2040,1356,1,1
0041,0041_2040x1356.yuv,2040,1356,1,1
0042,0042_2040x1356.yuv,2040,1356,1,1
0043,0043_2040x1356.yuv,2040,1356,1,1
0044,0044_2040x2040.yuv,2040,2040,1,1
0045,0045_2040x1140.yuv,2040,1140,1,1
0046,0046_1356x2040.yuv,1356,2040,1,1
0047,0047_2040x1356.yuv,2040,1356,1,1
0048,0048_2040x1356.yuv,2040,1356,1,1
0049,0049_2040x1356.yuv,2040,1356,1,1
0050,0050_2040x1356.yuv,2040,1356,1,1
0051,0051_2040x1368.yuv,2040,1368,1,1
0052,0052_2040x1356.yuv,2040,1356,1,1
0053,0053_2040x1356.yuv,2040,1356,1,1
0054,0054_2040x1332.yuv,2040,1332,1,1
0055,0055_2040x1152.yuv,2040,1152,1,1
0056,0056_2040x1380.yuv,2040,1380,1,1
0057,0057_2040x1356.yuv,2040,1356,1,1
0058,0058_2040x1356.yuv,2040,1356,1,1
0059,0059_1644x2040.yuv,1644,2040,1,1
0060,0060_2040x1224.yuv,2040,1224,1,1
0061,0061_1284x2040.yuv,1284,2040,1,1
0062,0062_2040x1428.yuv,2040,1428,1,1
0063,0063_2040x1584.yuv,2040,1584,1,1
0064,0064_2040x1356.yuv,2040,1356,1,1
0065,0065_2040x1188.yuv,2040,1188,1,1
0066,0066_2040x1356.yuv,2040,1356,1,1
0067,0067_2040x1320.yuv,2040,1320,1,1
0068,0068_2040x1380.yuv,2040,1380,1,1
0069,0069_1248x2040.yuv,1248,2040,1,1
0070,0070_2040x1356.yuv,2040,1356,1,1
0071,0071_1356x2040.yuv,1356,2040,1,1
0072,0072_2040x1356.yuv,2040,1356,1,1
0073,0073_2040x1140.yuv,2040,1140,1,1
0074,0074_2040x1356.yuv,2040,1356,1,1
0075,0075_2040x1356.yuv,2040,1356,1,1
0076,0076_2040x1572.yuv,2040,1572,1,1
0077,0077_2040x1356.yuv,2040,1356,1,1
0078,0078_2040x1356.yuv,2040,1356,1,1
0079,0079_2040x1356.yuv,2040,1356,1,1
0080,0080_2040x1332.yuv,2040,1332,1,1
0081,0081_2040x1356.yuv,2040,1356,1,1
0082,0082_2040x1212.yuv,2040,1212,1,1
0083,0083_2040x1164.yuv,2040,1164,1,1
0084,0084_2040x1368.yuv,2040,1368,1,1
0085,0085_2040x1356.yuv,2040,1356,1,1
0086,0086_2040x1356.yuv,2040,1356,1,1
0087,0087_2040x1356.yuv,2040,1356,1,1
0088,0088_2040x1356.yuv,2040,1356,1,1
0089,0089_1536x2040.yuv,1536,2040,1,1
0090,0090_2040x1356.yuv,2040,1356,1,1
0091,0091_2040x1536.yuv,2040,1536,1,1
0092,0092_2040x1152.yuv,2040,1152,1,1
0093,0093_2040x1368.yuv,2040,1368,1,1
0094,0094_2040x1272.yuv,2040,1272,1,1
0095,0095_2040x1356.yuv,2040,1356,1,1
0096,0096_2040x1356.yuv,2040,1356,1,1
0097,0097_2040x1188.yuv,2040,1188,1,1
0098,0098_2040x1536.yuv,2040,1536,1,1
0099,0099_2040x1536.yuv,2040,1536,1,1
0100,0100_2040x1356.yuv,2040,1356,1,1
0101,0101_2040x1512.yuv,2040,1512,1,1
0102,0102_2040x1368.yuv,2040,1368,1,1
0103,0103_2040x1140.yuv,2040,1140,1,1
0104,0104_2040x1320.yuv,2040,1320,1,1
0105,0105_2040x1296.yuv,2040,1296,1,1
0106,0106_2040x1152.yuv,2040,1152,1,1
0107,0107_2040x1356.yuv,2040,1356,1,1
0108,0108_2040x1536.yuv,2040,1536,1,1
0109,0109_2040x1356.yuv,2040,1356,1,1
0110,0110_2040x1356.yuv,2040,1356,1,1
0111,0111_2040x1356.yuv,2040,1356,1,1
0112,0112_1356x2040.yuv,1356,2040,1,1
0113,0113_2040x1368.yuv,2040,1368,1,1
0114,0114_1368x2040.yuv,1368,2040,1,1
0115,0115_2040x1536.yuv,2040,1536,1,1
0116,0116_2040x1356.yuv,2040,1356,1,1
0117,0117_2040x1356.yuv,2040,1356,1,1
0118,0118_2040x1488.yuv,2040,1488,1,1
0119,0119_1356x2040.yuv,1356,2040,1,1
0120,0120_2040x1356.yuv,2040,1356,1,1
0121,0121_2040x1356.yuv,2040,1356,1,1
0122,0122_2040x960.yuv,2040,960,1,1
0123,0123_2040x1536.yuv,2040,1536,1,1
0124,0124_1356x2040.yuv,1356,2040,1,1
0125,0125_2040x1356.yuv,2040,1356,1,1
0126,0126_2040x1464.yuv,2040,1464,1,1
0127,0127_2040x1356.yuv,2040,1356,1,1
0128,0128_2040x1284.yuv,2040,1284,1,1
0129,0129_2040x1356.yuv,2040,1356,1,1
0130,0130_2040x1356.yuv,2040,1356,1,1
0131,0131_2040x1356.yuv,2040,1356,1,1
0132,0132_2040x1296.yuv,2040,1296,1,1
0133,0133_2040x1356.yuv,2040,1356,1,1
0134,0134_1776x2040.yuv,1776,2040,1,1
0135,0135_2040x1344.yuv,2040,1344,1,1
0136,0136_2040x1356.yuv,2040,1356,1,1
0137,0137_2040x1332.yuv,2040,1332,1,1
0138,0138_2040x1356.yuv,2040,1356,1,1
0139,0139_2040x948.yuv,2040,948,1,1
0140,0140_2040x1356.yuv,2040,1356,1,1
0141,0141_2040x1356.yuv,2040,1356,1,1
0142,0142_2040x1356.yuv,2040,1356,1,1
0143,0143_2040x1356.yuv,2040,1356,1,1
0144,0144_2040x1356.yuv,2040,1356,1,1
0145,0145_2040x732.yuv,2040,732,1,1
0146,0146_2040x1356.yuv,2040,1356,1,1
0147,0147_2040x1656.yuv,2040,1656,1,1
0148,0148_2040x1356.yuv,2040,1356,1,1
0149,0149_2040x1752.yuv,2040,1752,1,1
0150,0150_1164x2040.yuv,1164,2040,1,1
0151,0151_2040x1356.yuv,2040,1356,1,1
0152,0152_2040x1356.yuv,2040,1356,1,1
0153,0153_2040x1356.yuv,2040,1356,1,1
0154,0154_2040x1356.yuv,2040,1356,1,1
0155,0155_2040x2040.yuv,2040,2040,1,1
0156,0156_2040x1356.yuv,2040,1356,1,1
0157,0157_2040x1356.yuv,2040,1356,1,1
0158,0158_2040x1224.yuv,2040,1224,1,1
0159,0159_2040x1356.yuv,2040,1356,1,1
0160,0160_2040x1356.yuv,2040,1356,1,1
0161,0161_2040x1260.yuv,2040,1260,1,1
0162,0162_1368x2040.yuv,1368,2040,1,1
0163,0163_2040x1356.yuv,2040,1356,1,1
0164,0164_2040x1356.yuv,2040,1356,1,1
0165,0165_2040x1356.yuv,2040,1356,1,1
0166,0166_2040x1356.yuv,2040,1356,1,1
0167,0167_1356x2040.yuv,1356,2040,1,1
0168,0168_2040x1356.yuv,2040,1356,1,1
0169,0169_2040x1356.yuv,2040,1356,1,1
0170,0170_2040x1152.yuv,2040,1152,1,1
0171,0171_2040x1536.yuv,2040,1536,1,1
0172,0172_2040x1260.yuv,2040,1260,1,1
0173,0173_2040x1356.yuv,2040,1356,1,1
0174,0174_2040x1308.yuv,2040,1308,1,1
0175,0175_2040x1068.yuv,2040,1068,1,1
0176,0176_2040x1644.yuv,2040,1644,1,1
0177,0177_2040x1356.yuv,2040,1356,1,1
0178,0178_2040x1356.yuv,2040,1356,1,1
0179,0179_2040x1356.yuv,2040,1356,1,1
0180,0180_2040x1356.yuv,2040,1356,1,1
0181,0181_2040x1536.yuv,2040,1536,1,1
0182,0182_2040x1248.yuv,2040,1248,1,1
0183,0183_2040x1356.yuv,2040,1356,1,1
0184,0184_2040x1356.yuv,2040,1356,1,1
0185,0185_2040x1152.yuv,2040,1152,1,1
0186,0186_2040x1356.yuv,2040,1356,1,1
0187,0187_2040x1356.yuv,2040,1356,1,1
0188,0188_2040x1548.yuv,2040,1548,1,1
0189,0189_2040x1356.yuv,2040,1356,1,1
0190,0190_2040x1356.yuv,2040,1356,1,1
0191,0191_2040x1152.yuv,2040,1152,1,1
0192,0192_2040x1452.yuv,2040,1452,1,1
0193,0193_2040x1356.yuv,2040,1356,1,1
0194,0194_2040x1356.yuv,2040,1356,1,1
0195,0195_2040x1356.yuv,2040,1356,1,1
0196,0196_2040x1356.yuv,2040,1356,1,1
0197,0197_2040x1356.yuv,2040,1356,1,1
0198,0198_2040x1356.yuv,2040,1356,1,1
0199,0199_2040x1548.yuv,2040,1548,1,1
0200,0200_2040x1356.yuv,2040,1356,1,1
0201,0201_2040x1536.yuv,2040,1536,1,1
0202,0202_2040x1356.yuv,2040,1356,1,1
0203,0203_2040x1356.yuv,2040,1356,1,1
0204,0204_2040x1260.yuv,2040,1260,1,1
0205,0205_2040x852.yuv,2040,852,1,1
0206,0206_2040x1356.yuv,2040,1356,1,1
0207,0207_2040x1356.yuv,2040,1356,1,1
0208,0208_2040x1356.yuv,2040,1356,1,1
0209,0209_2040x1356.yuv,2040,1356,1,1
0210,0210_2040x1356.yuv,2040,1356,1,1
0211,0211_2040x1356.yuv,2040,1356,1,1
0212,0212_2040x1536.yuv,2040,1536,1,1
0213,0213_2040x1356.yuv,2040,1356,1,1
0214,0214_2040x1356.yuv,2040,1356,1,1
0215,0215_2040x1560.yuv,2040,1560,1,1
0216,0216_2040x1632.yuv,2040,1632,1,1
0217,0217_2040x2040.yuv,2040,2040,1,1
0218,0218_2040x1356.yuv,2040,1356,1,1
0219,0219_2040x1368.yuv,2040,1368,1,1
0220,0220_2040x1356.yuv,2040,1356,1,1
0221,0221_2040x1356.yuv,2040,1356,1,1
0222,0222_2040x1164.yuv,2040,1164,1,1
0223,0223_2040x1356.yuv,2040,1356,1,1
0224,0224_2040x1356.yuv,2040,1356,1,1
0225,0225_2040x1356.yuv,2040,1356,1,1
0226,0226_2040x1356.yuv,2040,1356,1,1
0227,0227_1356x2040.yuv,1356,2040,1,1
0228,0228_2040x1356.yuv,2040,1356,1,1
0229,0229_2040x1296.yuv,2040,1296,1,1
0230,0230_2040x1392.yuv,2040,1392,1,1
0231,0231_2040x1356.yuv,2040,1356,1,1
0232,0232_2040x1356.yuv,2040,1356,1,1
0233,0233_2040x1368.yuv,2040,1368,1,1
0234,0234_2040x1356.yuv,2040,1356,1,1
0235,0235_2040x1356.yuv,2040,1356,1,1
0236,0236_2040x1356.yuv,2040,1356,1,1
0237,0237_2040x1140.yuv,2040,1140,1,1
0238,0238_1296x2040.yuv,1296,2040,1,1
0239,0239_2040x1152.yuv,2040,1152,1,1
0240,0240_2040x1836.yuv,2040,1836,1,1
0241,0241_2040x1356.yuv,2040,1356,1,1
0242,0242_2040x1356.yuv,2040,1356,1,1
0243,0243_2040x780.yuv,2040,780,1,1
0244,0244_2040x1536.yuv,2040,1536,1,1
0245,0245_2040x1536.yuv,2040,1536,1,1
0246,0246_1356x2040.yuv,1356,2040,1,1
0247,0247_2040x1356.yuv,2040,1356,1,1
0248,0248_2040x1356.yuv,2040,1356,1,1
0249,0249_2040x1356.yuv,2040,1356,1,1
0250,0250_2040x1356.yuv,2040,1356,1,1
0251,0251_2040x1356.yuv,2040,1356,1,1
0252,0252_2040x1356.yuv,2040,1356,1,1
0253,0253_2040x1356.yuv,2040,1356,1,1
0254,0254_2040x1356.yuv,2040,1356,1,1
0255,0255_2040x1356.yuv,2040,1356,1,1
0256,0256_2040x1356.yuv,2040,1356,1,1
0257,0257_2040x1356.yuv,2040,1356,1,1
0258,0258_2040x1356.yuv,2040,1356,1,1
0259,0259_2040x1296.yuv,2040,1296,1,1
0260,0260_2040x1356.yuv,2040,1356,1,1
0261,0261_2040x1356.yuv,2040,1356,1,1
0262,0262_2040x1356.yuv,2040,1356,1,1
0263,0263_2040x1332.yuv,2040,1332,1,1
0264,0264_2040x1356.yuv,2040,1356,1,1
0265,0265_2040x1356.yuv,2040,1356,1,1
0266,0266_2040x1356.yuv,2040,1356,1,1
0267,0267_2040x1356.yuv,2040,1356,1,1
0268,0268_2040x1356.yuv,2040,1356,1,1
0269,0269_2040x1632.yuv,2040,1632,1,1
0270,0270_2040x1356.yuv,2040,1356,1,1
0271,0271_2040x1536.yuv,2040,1536,1,1
0272,0272_2040x1188.yuv,2040,1188,1,1
0273,0273_2040x1356.yuv,2040,1356,1,1
0274,0274_2040x1356.yuv,2040,1356,1,1
0275,0275_2040x1356.yuv,2040,1356,1,1
0276,0276_2040x1356.yuv,2040,1356,1,1
0277,0277_2040x1356.yuv,2040,1356,1,1
0278,0278_1356x2040.yuv,1356,2040,1,1
0279,0279_2040x1356.yuv,2040,1356,1,1
0280,0280_2040x1152.yuv,2040,1152,1,1
0281,0281_2040x1152.yuv,2040,1152,1,1
0282,0282_2040x1356.yuv,2040,1356,1,1
0283,0283_2040x1356.yuv,2040,1356,1,1
0284,0284_2040x1356.yuv,2040,1356,1,1
0285,0285_1236x2040.yuv,1236,2040,1,1
0286,0286_2040x1536.yuv,2040,1536,1,1
0287,0287_2040x1356.yuv,2040,1356,1,1
0288,0288_2040x1356.yuv,2040,1356,1,1
0289,0289_1356x2040.yuv,1356,2040,1,1
0290,0290_2040x1356.yuv,2040,1356,1,1
0291,0291_2040x1260.yuv,2040,1260,1,1
0292,0292_2040x1356.yuv,2040,1356,1,1
0293,0293_2040x1152.yuv,2040,1152,1,1
0294,0294_2040x1356.yuv,2040,1356,1,1
0295,0295_2040x1356.yuv,2040,1356,1,1
0296,0296_2040x1356.yuv,2040,1356,1,1
0297,0297_2040x1344.yuv,2040,1344,1,1
0298,0298_2040x1224.yuv,2040,1224,1,1
0299,0299_2040x1392.yuv,2040,1392,1,1
0300,0300_2040x1320.yuv,2040,1320,1,1
0301,0301_2040x1356.yuv,2040,1356,1,1
0302,0302_2040x1356.yuv,2040,1356,1,1
0303,0303_2040x1356.yuv,2040,1356,1,1
0304,0304_2040x1224.yuv,2040,1224,1,1
0305,0305_2040x1356.yuv,2040,1356,1,1
0306,0306_2040x1356.yuv,2040,1356,1,1
0307,0307_2040x1356.yuv,2040,1356,1,1
0308,0308_2040x1356.yuv,2040,1356,1,1
0309,0309_2040x1356.yuv,2040,1356,1,1
0310,0310_2040x1356.yuv,2040,1356,1,1
0311,0311_2040x1188.yuv,2040,1188,1,1
0312,0312_1716x2040.yuv,1716,2040,1,1
0313,0313_1356x2040.yuv,1356,2040,1,1
0314,0314_2040x1356.yuv,2040,1356,1,1
0315,0315_2040x1200.yuv,2040,1200,1,1
0316,0316_2040x1332.yuv,2040,1332,1,1
0317,0317_2040x1356.yuv,2040,1356,1,1
0318,0318_2040x1356.yuv,2040,1356,1,1
0319,0319_2040x1356.yuv,2040,1356,1,1
0320,0320_2040x1356.yuv,2040,1356,1,1
0321,0321_2040x1356.yuv,2040,1356,1,1
0322,0322_2040x1644.yuv,2040,1644,1,1
0323,0323_2040x1356.yuv,2040,1356,1,1
0324,0324_1356x2040.yuv,1356,2040,1,1
0325,0325_2040x1356.yuv,2040,1356,1,1
0326,0326_2040x1356.yuv,2040,1356,1,1
0327,0327_2040x1152.yuv,2040,1152,1,1
0328,0328_2040x1356.yuv,2040,1356,1,1
0329,0329_1356x2040.yuv,1356,2040,1,1
0330,0330_2040x1140.yuv,2040,1140,1,1
0331,0331_1356x2040.yuv,1356,2040,1,1
0332,0332_2040x1224.yuv,2040,1224,1,1
0333,0333_2040x1356.yuv,2040,1356,1,1
0334,0334_2040x1356.yuv,2040,1356,1,1
0335,0335_2040x1272.yuv,2040,1272,1,1
0336,0336_2040x1356.yuv,2040,1356,1,1
0337,0337_1632x2040.yuv,1632,2040,1,1
0338,0338_2040x1356.yuv,2040,1356,1,1
0339,0339_2040x1356.yuv,2040,1356,1,1
0340,0340_2040x744.yuv,2040,744,1,1
0341,0341_2040x1440.yuv,2040,1440,1,1
0342,0342_2040x1356.yuv,2040,1356,1,1
0343,0343_2040x1200.yuv,2040,1200,1,1
0344,0344_1356x2040.yuv,1356,2040,1,1
0345,0345_2040x1356.yuv,2040,1356,1,1
0346,0346_2040x1356.yuv,2040,1356,1,1
0347,0347_2040x1800.yuv,2040,1800,1,1
0348,0348_2040x1260.yuv,2040,1260,1,1
0349,0349_2040x1392.yuv,2040,1392,1,1
0350,0350_1116x2040.yuv,1116,2040,1,1
0351,0351_2040x1356.yuv,2040,1356,1,1
0352,0352_2040x888.yuv,2040,888,1,1
0353,0353_2040x1536.yuv,2040,1536,1,1
0354,0354_2040x1356.yuv,2040,1356,1,1
0355,0355_2040x1356.yuv,2040,1356,1,1
0356,0356_2040x1272.yuv,2040,1272,1,1
0357,0357_2040x1176.yuv,2040,1176,1,1
0358,0358_2040x1356.yuv,2040,1356,1,1
0359,0359_2040x1356.yuv,2040,1356,1,1
0360,0360_2040x2004.yuv,2040,2004,1,1
0361,0361_1536x2040.yuv,1536,2040,1,1
0362,0362_2040x1464.yuv,2040,1464,1,1
0363,0363_2040x1356.yuv,2040,1356,1,1
0364,0364_2040x1356.yuv,2040,1356,1,1
0365,0365_2040x1212.yuv,2040,1212,1,1
0366,0366_2040x1356.yuv,2040,1356,1,1
0367,0367_2040x1356.yuv,2040,1356,1,1
0368,0368_2040x1356.yuv,2040,1356,1,1
0369,0369_2040x1356.yuv,2040,1356,1,1
0370,0370_2040x1356.yuv,2040,1356,1,1
0371,0371_2040x1356.yuv,2040,1356,1,1
0372,0372_2040x1140.yuv,2040,1140,1,1
0373,0373_1356x2040.yuv,1356,2040,1,1
0374,0374_1632x2040.yuv,1632,2040,1,1
0375,0375_1356x2040.yuv,1356,2040,1,1
0376,0376_2040x1356.yuv,2040,1356,1,1
0377,0377_2040x1356.yuv,2040,1356,1,1
0378,0378_2040x1536.yuv,2040,1536,1,1
0379,0379_2040x1368.yuv,2040,1368,1,1
0380,0380_2040x1272.yuv,2040,1272,1,1
0381,0381_2040x1452.yuv,2040,1452,1,1
0382,0382_2040x1356.yuv,2040,1356,1,1
0383,0383_2040x1512.yuv,2040,1512,1,1
0384,0384_2040x1356.yuv,2040,1356,1,1
0385,0385_1440x2040.yuv,1440,2040,1,1
0386,0386_2040x1356.yuv,2040,1356,1,1
0387,0387_2040x972.yuv,2040,972,1,1
0388,0388_2040x1356.yuv,2040,1356,1,1
0389,0389_2040x1356.yuv,2040,1356,1,1
0390,0390_2040x1308.yuv,2040,1308,1,1
0391,0391_2040x1356.yuv,2040,1356,1,1
0392,0392_2040x1152.yuv,2040,1152,1,1
0393,0393_2040x1356.yuv,2040,1356,1,1
0394,0394_2040x1536.yuv,2040,1536,1,1
0395,0395_2040x1356.yuv,2040,1356,1,1
0396,0396_2040x1356.yuv,2040,1356,1,1
0397,0397_2040x1260.yuv,2040,1260,1,1
0398,0398_2040x1356.yuv,2040,1356,1,1
0399,0399_1356x2040.yuv,1356,2040,1,1
0400,0400_2040x1284.yuv,2040,1284,1,1
0401,0401_2040x1356.yuv,2040,1356,1,1
0402,0402_2040x1356.yuv,2040,1356,1,1
0403,0403_2040x1356.yuv,2040,1356,1,1
0404,0404_2040x1632.yuv,2040,1632,1,1
0405,0405_2040x1356.yuv,2040,1356,1,1
0406,0406_1356x2040.yuv,1356,2040,1,1
0407,0407_2040x1356.yuv,2040,1356,1,1
0408,0408_2040x1464.yuv,2040,1464,1,1
0409,0409_2040x1368.yuv,2040,1368,1,1
0410,0410_1356x2040.yuv,1356,2040,1,1
0411,0411_2040x1260.yuv,2040,1260,1,1
0412,0412_2040x1356.yuv,2040,1356,1,1
0413,0413_2040x1368.yuv,2040,1368,1,1
0414,0414_1356x2040.yuv,1356,2040,1,1
0415,0415_1356x2040.yuv,1356,2040,1,1
0416,0416_2040x1356.yuv,2040,1356,1,1
0417,0417_2040x1356.yuv,2040,1356,1,1
0418,0418_2040x1356.yuv,2040,1356,1,1
0419,0419_2040x1536.yuv,2040,1536,1,1
0420,0420_1536x2040.yuv,1536,2040,1,1
0421,0421_1524x2040.yuv,1524,2040,1,1
0422,0422_1356x2040.yuv,1356,2040,1,1
0423,0423_2040x1356.yuv,2040,1356,1,1
0424,0424_2040x1356.yuv,2040,1356,1,1
0425,0425_2040x1356.yuv,2040,1356,1,1
0426,0426_2040x1164.yuv,2040,1164,1,1
0427,0427_2040x1356.yuv,2040,1356,1,1
0428,0428_2040x1356.yuv,2040,1356,1,1
0429,0429_2040x1536.yuv,2040,1536,1,1
0430,0430_2040x1368.yuv,2040,1368,1,1
0431,0431_2040x1356.yuv,2040,1356,1,1
0432,0432_2040x1356.yuv,2040,1356,1,1
0433,0433_2040x1356.yuv,2040,1356,1,1
0434,0434_2040x1224.yuv,2040,1224,1,1
0435,0435_2040x1356.yuv,2040,1356,1,1
0436,0436_2040x1356.yuv,2040,1356,1,1
0437,0437_2040x648.yuv,2040,648,1,1
0438,0438_2040x1356.yuv,2040,1356,1,1
0439,0439_2040x1392.yuv,2040,1392,1,1
0440,0440_2040x1356.yuv,2040,1356,1,1
0441,0441_2040x1188.yuv,2040,1188,1,1
0442,0442_2040x1356.yuv,2040,1356,1,1
0443,0443_2040x1356.yuv,2040,1356,1,1
0444,0444_2040x1356.yuv,2040,1356,1,1
0445,0445_2040x1356.yuv,2040,1356,1,1
0446,0446_2040x1356.yuv,2040,1356,1,1
0447,0447_2040x1692.yuv,2040,1692,1,1
0448,0448_2040x1536.yuv,2040,1536,1,1
0449,0449_1368x2040.yuv,1368,2040,1,1
0450,0450_2040x2040.yuv,2040,2040,1,1
0451,0451_1356x2040.yuv,1356,2040,1,1
0452,0452_2040x1428.yuv,2040,1428,1,1
0453,0453_2040x1536.yuv,2040,1536,1,1
0454,0454_2040x1356.yuv,2040,1356,1,1
0455,0455_2040x1128.yuv,2040,1128,1,1
0456,0456_2040x1356.yuv,2040,1356,1,1
0457,0457_1164x2040.yuv,1164,2040,1,1
0458,0458_2040x1356.yuv,2040,1356,1,1
0459,0459_2040x1356.yuv,2040,1356,1,1
0460,0460_1944x2040.yuv,1944,2040,1,1
0461,0461_1440x2040.yuv,1440,2040,1,1
0462,0462_2040x1356.yuv,2040,1356,1,1
0463,0463_2040x1368.yuv,2040,1368,1,1
0464,0464_2040x1356.yuv,2040,1356,1,1
0465,0465_2040x1152.yuv,2040,1152,1,1
0466,0466_2040x1356.yuv,2040,1356,1,1
0467,0467_1356x2040.yuv,1356,2040,1,1
0468,0468_2040x1356.yuv,2040,1356,1,1
0469,0469_1356x2040.yuv,1356,2040,1,1
0470,0470_2040x1356.yuv,2040,1356,1,1
0471,0471_2040x1356.yuv,2040,1356,1,1
0472,0472_2040x1356.yuv,2040,1356,1,1
0473,0473_2040x1356.yuv,2040,1356,1,1
0474,0474_2040x1356.yuv,2040,1356,1,1
0475,0475_2040x1356.yuv,2040,1356,1,1
0476,0476_2040x1452.yuv,2040,1452,1,1
0477,0477_2040x1356.yuv,2040,1356,1,1
0478,0478_2040x1356.yuv,2040,1356,1,1
0479,0479_2040x1356.yuv,2040,1356,1,1
0480,0480_2040x1356.yuv,2040,1356,1,1
0481,0481_2040x1368.yuv,2040,1368,1,1
0482,0482_2040x1488.yuv,2040,1488,1,1
0483,0483_2040x1356.yuv,2040,1356,1,1
0484,0484_2040x1356.yuv,2040,1356,1,1
0485,0485_2040x1356.yuv,2040,1356,1,1
0486,0486_2040x1536.yuv,2040,1536,1,1
0487,0487_2040x1356.yuv,2040,1356,1,1
0488,0488_1356x2040.yuv,1356,2040,1,1
0489,0489_2040x1536.yuv,2040,1536,1,1
0490,0490_2040x1356.yuv,2040,1356,1,1
0491,0491_2040x1368.yuv,2040,1368,1,1
0492,0492_2040x1356.yuv,2040,1356,1,1
0493,0493_2040x1356.yuv,2040,1356,1,1
0494,0494_2040x1356.yuv,2040,1356,1,1
0495,0495_2040x1356.yuv,2040,1356,1,1
0496,0496_2040x1356.yuv,2040,1356,1,1
0497,0497_2040x1356.yuv,2040,1356,1,1
0498,0498_2040x1356.yuv,2040,1356,1,1
0499,0499_2040x1356.yuv,2040,1356,1,1
0500,0500_2040x2040.yuv,2040,2040,1,1
0501,0501_2040x1356.yuv,2040,1356,1,1
0502,0502_2040x1356.yuv,2040,1356,1,1
0503,0503_2040x1356.yuv,2040,1356,1,1
0504,0504_2040x1356.yuv,2040,1356,1,1
0505,0505_2040x1140.yuv,2040,1140,1,1
0506,0506_2040x1356.yuv,2040,1356,1,1
0507,0507_2040x1356.yuv,2040,1356,1,1
0508,0508_1368x2040.yuv,1368,2040,1,1
0509,0509_2040x1368.yuv,2040,1368,1,1
0510,0510_2040x1356.yuv,2040,1356,1,1
0511,0511_2040x1152.yuv,2040,1152,1,1
0512,0512_2040x1452.yuv,2040,1452,1,1
0513,0513_2040x2040.yuv,2040,2040,1,1
0514,0514_2040x1368.yuv,2040,1368,1,1
0515,0515_2040x1356.yuv,2040,1356,1,1
0516,0516_2040x1536.yuv,2040,1536,1,1
0517,0517_2040x1536.yuv,2040,1536,1,1
0518,0518_2040x960.yuv,2040,960,1,1
0519,0519_2040x1356.yuv,2040,1356,1,1
0520,0520_2040x1356.yuv,2040,1356,1,1
0521,0521_1368x2040.yuv,1368,2040,1,1
0522,0522_1356x2040.yuv,1356,2040,1,1
0523,0523_2040x888.yuv,2040,888,1,1
0524,0524_2040x1356.yuv,2040,1356,1,1
0525,0525_2040x1356.yuv,2040,1356,1,1
0526,0526_2040x1356.yuv,2040,1356,1,1
0527,0527_2040x1044.yuv,2040,1044,1,1
0528,0528_2040x1536.yuv,2040,1536,1,1
0529,0529_2040x1356.yuv,2040,1356,1,1
0530,0530_2040x1356.yuv,2040,1356,1,1
0531,0531_2040x1536.yuv,2040,1536,1,1
0532,0532_1356x2040.yuv,1356,2040,1,1
0533,0533_2040x1356.yuv,2040,1356,1,1
0534,0534_2040x1224.yuv,2040,1224,1,1
0535,0535_2040x1284.yuv,2040,1284,1,1
0536,0536_2040x1356.yuv,2040,1356,1,1
0537,0537_2040x1356.yuv,2040,1356,1,1
0538,0538_2040x1356.yuv,2040,1356,1,1
0539,0539_2040x1368.yuv,2040,1368,1,1
0540,0540_2040x1356.yuv,2040,1356,1,1
0541,0541_2040x1368.yuv,2040,1368,1,1
0542,0542_2040x1140.yuv,2040,1140,1,1
0543,0543_1356x2040.yuv,1356,2040,1,1
0544,0544_2040x1356.yuv,2040,1356,1,1
0545,0545_1992x2040.yuv,1992,2040,1,1
0546,0546_2040x1536.yuv,2040,1536,1,1
0547,0547_2040x1152.yuv,2040,1152,1,1
0548,0548_2040x1356.yuv,2040,1356,1,1
0549,0549_2040x1356.yuv,2040,1356,1,1
0550,0550_2040x1224.yuv,2040,1224,1,1
0551,0551_2040x1356.yuv,2040,1356,1,1
0552,0552_2040x1356.yuv,2040,1356,1,1
0553,0553_2040x1356.yuv,2040,1356,1,1
0554,0554_2040x1332.yuv,2040,1332,1,1
0555,0555_2040x1356.yuv,2040,1356,1,1
0556,0556_2040x1356.yuv,2040,1356,1,1
0557,0557_2040x1152.yuv,2040,1152,1,1
0558,0558_2040x1356.yuv,2040,1356,1,1
0559,0559_2040x1536.yuv,2040,1536,1,1
0560,0560_2040x1092.yuv,2040,1092,1,1
0561,0561_2040x1176.yuv,2040,1176,1,1
0562,0562_2040x1356.yuv,2040,1356,1,1
0563,0563_2040x1356.yuv,2040,1356,1,1
0564,0564_2040x1608.yuv,2040,1608,1,1
0565,0565_1356x2040.yuv,1356,2040,1,1
0566,0566_2040x1368.yuv,2040,1368,1,1
0567,0567_2040x1356.yuv,2040,1356,1,1
0568,0568_1824x2040.yuv,1824,2040,1,1
0569,0569_2040x1356.yuv,2040,1356,1,1
0570,0570_2040x1356.yuv,2040,1356,1,1
0571,0571_2040x1356.yuv,2040,1356,1,1
0572,0572_2040x1356.yuv,2040,1356,1,1
0573,0573_2040x1356.yuv,2040,1356,1,1
0574,0574_2040x1332.yuv,2040,1332,1,1
0575,0575_2040x1356.yuv,2040,1356,1,1
0576,0576_2040x1356.yuv,2040,1356,1,1
0577,0577_1344x2040.yuv,1344,2040,1,1
0578,0578_2040x1248.yuv,2040,1248,1,1
0579,0579_2040x1152.yuv,2040,1152,1,1
0580,0580_2040x1344.yuv,2040,1344,1,1
0581,0581_2040x1068.yuv,2040,1068,1,1
0582,0582_2040x1356.yuv,2040,1356,1,1
0583,0583_2040x1188.yuv,2040,1188,1,1
0584,0584_2040x1356.yuv,2040,1356,1,1
0585,0585_2040x1248.yuv,2040,1248,1,1
0586,0586_1428x2040.yuv,1428,2040,1,1
0587,0587_2040x1368.yuv,2040,1368,1,1
0588,0588_2040x1356.yuv,2040,1356,1,1
0589,0589_2040x1356.yuv,2040,1356,1,1
0590,0590_1356x2040.yuv,1356,2040,1,1
0591,0591_2040x1212.yuv,2040,1212,1,1
0592,0592_2040x1356.yuv,2040,1356,1,1
0593,0593_2040x1356.yuv,2040,1356,1,1
0594,0594_2040x1356.yuv,2040,1356,1,1
0595,0595_2040x1428.yuv,2040,1428,1,1
0596,0596_2040x1356.yuv,2040,1356,1,1
0597,0597_1356x2040.yuv,1356,2040,1,1
0598,0598_2040x1356.yuv,2040,1356,1,1
0599,0599_2040x1356.yuv,2040,1356,1,1
0600,0600_2040x1536.yuv,2040,1536,1,1
0601,0601_2040x1356.yuv,2040,1356,1,1
0602,0602_2040x1356.yuv,2040,1356,1,1
0603,0603_1356x2040.yuv,1356,2040,1,1
0604,0604_2040x1356.yuv,2040,1356,1,1
0605,0605_2040x1428.yuv,2040,1428,1,1
0606,0606_2040x1356.yuv,2040,1356,1,1
0607,0607_2040x1356.yuv,2040,1356,1,1
0608,0608_1356x2040.yuv,1356,2040,1,1
0609,0609_2040x1356.yuv,2040,1356,1,1
0610,0610_2040x1440.yuv,2040,1440,1,1
0611,0611_2040x1356.yuv,2040,1356,1,1
0612,0612_2040x1188.yuv,2040,1188,1,1
0613,0613_2040x1584.yuv,2040,1584,1,1
0614,0614_1356x2040.yuv,1356,2040,1,1
0615,0615_1356x2040.yuv,1356,2040,1,1
0616,0616_2040x1368.yuv,2040,1368,1,1
0617,0617_2040x1356.yuv,2040,1356,1,1
0618,0618_2040x1356.yuv,2040,1356,1,1
0619,0619_2040x1524.yuv,2040,1524,1,1
0620,0620_2040x1356.yuv,2040,1356,1,1
0621,0621_2040x1356.yuv,2040,1356,1,1
0622,0622_2040x1452.yuv,2040,1452,1,1
0623,0623_2040x1356.yuv,2040,1356,1,1
0624,0624_1356x2040.yuv,1356,2040,1,1
0625,0625_1356x2040.yuv,1356,2040,1,1
0626,0626_2040x1356.yuv,2040,1356,1,1
0627,0627_2040x864.yuv,2040,864,1,1
0628,0628_1632x2040.yuv,1632,2040,1,1
0629,0629_2040x1464.yuv,2040,1464,1,1
0630,0630_2040x1356.yuv,2040,1356,1,1
0631,0631_2040x1356.yuv,2040,1356,1,1
0632,0632_2040x1356.yuv,2040,1356,1,1
0633,0633_2040x1356.yuv,2040,1356,1,1
0634,0634_2040x1356.yuv,2040,1356,1,1
0635,0635_2040x1368.yuv,2040,1368,1,1
0636,0636_2040x1356.yuv,2040,1356,1,1
0637,0637_2040x1536.yuv,2040,1536,1,1
0638,0638_2040x1356.yuv,2040,1356,1,1
0639,0639_2040x1356.yuv,2040,1356,1,1
0640,0640_2040x1356.yuv,2040,1356,1,1
0641,0641_2040x1356.yuv,2040,1356,1,1
0642,0642_2040x1356.yuv,2040,1356,1,1
0643,0643_2040x1536.yuv,2040,1536,1,1
0644,0644_2040x1356.yuv,2040,1356,1,1
0645,0645_2040x1356.yuv,2040,1356,1,1
0646,0646_2040x1476.yuv,2040,1476,1,1
0647,0647_2040x1356.yuv,2040,1356,1,1
0648,0648_2040x1356.yuv,2040,1356,1,1
0649,0649_2040x1536.yuv,2040,1536,1,1
0650,0650_2040x1452.yuv,2040,1452,1,1
0651,0651_2040x1224.yuv,2040,1224,1,1
0652,0652_2040x1356.yuv,2040,1356,1,1
0653,0653_2040x1584.yuv,2040,1584,1,1
0654,0654_2040x1344.yuv,2040,1344,1,1
0655,0655_2040x1356.yuv,2040,1356,1,1
0656,0656_2040x1320.yuv,2040,1320,1,1
0657,0657_2040x1536.yuv,2040,1536,1,1
0658,0658_2040x1356.yuv,2040,1356,1,1
0659,0659_2040x1356.yuv,2040,1356,1,1
0660,0660_2040x1356.yuv,2040,1356,1,1
0661,0661_2040x1296.yuv,2040,1296,1,1
0662,0662_2040x1356.yuv,2040,1356,1,1
0663,0663_2040x1356.yuv,2040,1356,1,1
0664,0664_2040x1632.yuv,2040,1632,1,1
0665,0665_2040x1356.yuv,2040,1356,1,1
0666,0666_1476x2040.yuv,1476,2040,1,1
0667,0667_2040x1356.yuv,2040,1356,1,1
0668,0668_2040x1356.yuv,2040,1356,1,1
0669,0669_2040x1536.yuv,2040,1536,1,1
0670,0670_1356x2040.yuv,1356,2040,1,1
0671,0671_2040x1356.yuv,2040,1356,1,1
0672,0672_2040x1308.yuv,2040,1308,1,1
0673,0673_2040x1152.yuv,2040,1152,1,1
0674,0674_2040x1356.yuv,2040,1356,1,1
0675,0675_2040x1356.yuv,2040,1356,1,1
0676,0676_2040x1344.yuv,2040,1344,1,1
0677,0677_2040x1380.yuv,2040,1380,1,1
0678,0678_2040x1452.yuv,2040,1452,1,1
0679,0679_2040x1464.yuv,2040,1464,1,1
0680,0680_2040x1212.yuv,2040,1212,1,1
0681,0681_2040x1356.yuv,2040,1356,1,1
0682,0682_2040x1368.yuv,2040,1368,1,1
0683,0683_2040x1356.yuv,2040,1356,1,1
0684,0684_2040x1356.yuv,2040,1356,1,1
0685,0685_2040x1080.yuv,2040,1080,1,1
0686,0686_2040x1356.yuv,2040,1356,1,1
0687,0687_2040x1536.yuv,2040,1536,1,1
0688,0688_2040x1356.yuv,2040,1356,1,1
0689,0689_2040x1356.yuv,2040,1356,1,1
0690,0690_1356x2040.yuv,1356,2040,1,1
0691,0691_2040x1356.yuv,2040,1356,1,1
0692,0692_2040x1356.yuv,2040,1356,1,1
0693,0693_2040x1536.yuv,2040,1536,1,1
0694,0694_1356x2040.yuv,1356,2040,1,1
0695,0695_2040x1356.yuv,2040,1356,1,1
0696,0696_1356x2040.yuv,1356,2040,1,1
0697,0697_2040x1356.yuv,2040,1356,1,1
0698,0698_1968x2040.yuv,1968,2040,1,1
0699,0699_1572x2040.yuv,1572,2040,1,1
0700,0700_2040x1728.yuv,2040,1728,1,1
0701,0701_2040x1344.yuv,2040,1344,1,1
0702,0702_2040x1320.yuv,2040,1320,1,1
0703,0703_1356x2040.yuv,1356,2040,1,1
0704,0704_2040x1356.yuv,2040,1356,1,1
0705,0705_2040x1356.yuv,2040,1356,1,1
0706,0706_2040x1368.yuv,2040,1368,1,1
0707,0707_2040x1356.yuv,2040,1356,1,1
0708,0708_2040x1356.yuv,2040,1356,1,1
0709,0709_2040x1356.yuv,2040,1356,1,1
0710,0710_2040x936.yuv,2040,936,1,1
0711,0711_2040x1536.yuv,2040,1536,1,1
0712,0712_2040x1788.yuv,2040,1788,1,1
0713,0713_2040x1344.yuv,2040,1344,1,1
0714,0714_2040x1524.yuv,2040,1524,1,1
0715,0715_2040x1332.yuv,2040,1332,1,1
0716,0716_2040x2040.yuv,2040,2040,1,1
0717,0717_2040x1356.yuv,2040,1356,1,1
0718,0718_2040x1356.yuv,2040,1356,1,1
0719,0719_2040x1356.yuv,2040,1356,1,1
0720,0720_2040x1356.yuv,2040,1356,1,1
0721,0721_2040x1356.yuv,2040,1356,1,1
0722,0722_2040x1356.yuv,2040,1356,1,1
0723,0723_2040x1356.yuv,2040,1356,1,1
0724,0724_1356x2040.yuv,1356,2040,1,1
0725,0725_2040x1356.yuv,2040,1356,1,1
0726,0726_2040x1152.yuv,2040,1152,1,1
0727,0727_2040x1356.yuv,2040,1356,1,1
0728,0728_2040x1368.yuv,2040,1368,1,1
0729,0729_2040x1356.yuv,2040,1356,1,1
0730,0730_2040x1356.yuv,2040,1356,1,1
0731,0731_2040x1356.yuv,2040,1356,1,1
0732,0732_2040x1536.yuv,2040,1536,1,1
0733,0733_2040x1308.yuv,2040,1308,1,1
0734,0734_1356x2040.yuv,1356,2040,1,1
0735,0735_2040x1536.yuv,2040,1536,1,1
0736,0736_2040x1452.yuv,2040,1452,1,1
0737,0737_2040x1356.yuv,2040,1356,1,1
0738,0738_2040x1356.yuv,2040,1356,1,1
0739,0739_2040x1356.yuv,2040,1356,1,1
0740,0740_2040x1356.yuv,2040,1356,1,1
0741,0741_1320x2040.yuv,1320,2040,1,1
0742,0742_2040x1356.yuv,2040,1356,1,1
0743,0743_2040x1356.yuv,2040,1356,1,1
0744,0744_2040x1584.yuv,2040,1584,1,1
0745,0745_2040x1140.yuv,2040,1140,1,1
0746,0746_2040x1356.yuv,2040,1356,1,1
0747,0747_2040x1464.yuv,2040,1464,1,1
0748,0748_2040x1536.yuv,2040,1536,1,1
0749,0749_2040x1332.yuv,2040,1332,1,1
0750,0750_2040x1356.yuv,2040,1356,1,1
0751,0751_2040x1356.yuv,2040,1356,1,1
0752,0752_1176x2040.yuv,1176,2040,1,1
0753,0753_2040x1536.yuv,2040,1536,1,1
0754,0754_2040x1356.yuv,2040,1356,1,1
0755,0755_2040x1356.yuv,2040,1356,1,1
0756,0756_2040x1356.yuv,2040,1356,1,1
0757,0757_1428x2040.yuv,1428,2040,1,1
0758,0758_2040x1356.yuv,2040,1356,1,1
0759,0759_2040x1356.yuv,2040,1356,1,1
0760,0760_1356x2040.yuv,1356,2040,1,1
0761,0761_2040x1440.yuv,2040,1440,1,1
0762,0762_2040x1296.yuv,2040,1296,1,1
0763,0763_2040x1536.yuv,2040,1536,1,1
0764,0764_2040x1344.yuv,2040,1344,1,1
0765,0765_2040x1356.yuv,2040,1356,1,1
0766,0766_2040x1356.yuv,2040,1356,1,1
0767,0767_2040x1572.yuv,2040,1572,1,1
0768,0768_2040x1356.yuv,2040,1356,1,1
0769,0769_2040x1356.yuv,2040,1356,1,1
0770,0770_2040x1356.yuv,2040,1356,1,1
0771,0771_2040x1356.yuv,2040,1356,1,1
0772,0772_2040x1356.yuv,2040,1356,1,1
0773,0773_2040x1356.yuv,2040,1356,1,1
0774,0774_2040x1356.yuv,2040,1356,1,1
0775,0775_2040x1356.yuv,2040,1356,1,1
0776,0776_2040x1536.yuv,2040,1536,1,1
0777,0777_2040x1536.yuv,2040,1536,1,1
0778,0778_2040x1356.yuv,2040,1356,1,1
0779,0779_2040x1356.yuv,2040,1356,1,1
0780,0780_2040x1356.yuv,2040,1356,1,1
0781,0781_2040x1356.yuv,2040,1356,1,1
0782,0782_1632x2040.yuv,1632,2040,1,1
0783,0783_2040x1368.yuv,2040,1368,1,1
0784,0784_2040x1356.yuv,2040,1356,1,1
0785,0785_2040x1224.yuv,2040,1224,1,1
0786,0786_2040x1356.yuv,2040,1356,1,1
0787,0787_2040x1356.yuv,2040,1356,1,1
0788,0788_2040x1356.yuv,2040,1356,1,1
0789,0789_2040x1260.yuv,2040,1260,1,1
0790,0790_2040x1356.yuv,2040,1356,1,1
0791,0791_2040x1356.yuv,2040,1356,1,1
0792,0792_2040x1356.yuv,2040,1356,1,1
0793,0793_2040x1488.yuv,2040,1488,1,1
0794,0794_2040x1272.yuv,2040,1272,1,1
0795,0795_2040x1152.yuv,2040,1152,1,1
0796,0796_2040x1356.yuv,2040,1356,1,1
0797,0797_2040x1416.yuv,2040,1416,1,1
0798,0798_2040x1356.yuv,2040,1356,1,1
0799,0799_2040x1356.yuv,2040,1356,1,1
0800,0800_2040x1332.yuv,2040,1332,1,1
#end!!!!